$ANSIBLE_VAULT;1.1;AES256
33623139663762643335653930393366623339323636613630396463366536623539323138393631
6239326335626366666438613862636162353863333534650a333064376666626263636463636333
31353634663331323937623331623962623262343636316338343631646330613831623038386636
3330623565333861360a383335396435326438613131643366306339656363626231366262353565
30386463613537633564656632336438636434353361363031656430643963303061623063646433
39643866346139336538636330343534306264336130623938656338343635363766366264366366
61336238313935613564373434333939623035333930626533613366333763383766613763666236
35666432653433373564653165356439666139663736613433636363303532336232303232336163
36373766613363383434376533316338376663386464383233663432396238343332316139663739
35623561633436303837346331333966313165366663333163646137366435353135333430396636
62366638336166613838663534353365643162633563343564626537346462613635363261643162
63363438663737383265666539653235663532343639366338303835663563316232346461646564
64613232616437326432616365633439396630396539663265623539383038356165623062363865
34633233313263316263616335646661643036316562643639393062616466356161373634656635
30313466396666643139663461323731633063373335633066613632376531346135626264393634
39383665646663636335303133343832333339323838616435323036643538613864353039613865
64313563366661646562656537386630363236373166346561333837386338343434313838383531
39653731633234313930656466643866626366646638643763306161623562366635336235376339
32326439623537323062373432643933363434646139336434396464353838653938366635343639
65303363316230373462636361373037643964313630636533373164353737623538633862313166
39663038633730353161386638643539626130626665373433323463386461646662643862643537
36643432353638303938396165366533386632346433363831633236316233323338353935316533
61663636303462386631343935363661383531663061313339353362386436636661623831383036
39363130376438653831333137363362616333643839333162376463663134303033353733396534
64643232393461626630346437646133343664366130656334346165393565376138646337653964
63636132666430383433656365383863313838393539666431663132383763633231363231313133
31396133326639373836323930386166316561656132613432663935613862363765336461633434
63323031383835623232396432303535653566633665343933393136333434333764306435356430
35363638613661326235636466306332363739356164373233336430626533663837353364656463
35393865333739646539656635363564643466343837653561303665653932306162653038343133
37386230313862633264353934363132313731653339313766616334633038356538383264626165
62303334663539653339323261336336313362643761383261323064383565626139653466353938
31656336353365373438316562356236336438613731313033383433626432306230383830373466
62326135393463376462633264613536313931383531313232656430383662326630306333393838
37396363363438393265323239366334643563653138303330346566613938646364396434633864
62383436353537373364393964643238613632373634323964396537376463353135333732643463
66353161303931643565643030643937393935303039613334376433633564343430636466346662
64393562666264663739323061643234336635663363373066343432646432646436323834343963
39643639633366643466383932666265656635356531656166353562613164633838316531376239
37336236303237626334303236386634646462623830303934616633303534376561353765623537
61323161323634643762303838343663356232376437616333396462383763313466376634626464
32666631656432313233653065643739323230626136633430333630363064626539643135613238
35346138386562383564373132653532326332666339663537346437636339646563663965666539
35383537616132613866323566366534663134373331376433356531643766663964316166346536
63613765333133663666353961376466393662373833323761663338306637336530336164636439
65383262636263646566633066623935303165363835353830616365353433636134343638666461
35613035326639613732383362336233306339363831363732313230623735323664653266663133
62633161323833616566306630613761613266356264323933386166353734396639353836366333
30373036613765626464396562666231623964346532316633383637306466633135343938616664
36383138356138663163663835306233383539373563363261656665373637373564656463303366
62323966626164396537376138623466366634393534666533323330623765393565336165313563
34626332366362346263616435626463393733393532636137613331626665623436353438383966
31663130623062326437343034666232633762643264373732656162383630376535333332396636
35663639303132306430343262303631633765343566653938633735326363656637643338666130
38363032386661626463313734636430383566623231393334333134343063396566393730633532
65323363613137303263623633663463396532613939316132666334666663666439643862393838
34396539316131643430376137653134613162373733326337326432623531356635633865306361
62636634383231393464386133626261323963396535623836373763396431333161616336366166
65623931643063363732396436363435343936636333383464316331373931376666353139653234
65363561663037363466346163623733303362633065303130303838616261633161616530643561
39313061306235646261386334643966373362393937336463663464386531356133303236303564
39383731653566333531376630636362376665666137383365336162633564343234363235393139
65326332643131343464316463313761396337346664386630616464373764323735636232646231
63313235666436643132366634316663623335356132383538326565343365623633643132613036
36316338373231376666663864663135333831366438333462383235373334383637646334373236
66373833636539303030356337306432336531383566323739333263663066373336323938653633
33343538313066393131353439383034313863363564633061633561633037306462356439363735
35613463316563303833376561613732386533346434393737646238653938653930656665616334
38643464393135383235306230643431303762663564393965363063336336653761383637633839
35656632313632663934333031346236353335653763363364346132353137323365353430353432
65376637386630633565373632613163626135616238636134643663356362383063346565623063
66393234663966343433343136613036663365303633666430323161333065646633633764343766
32646438336162383161383730303333383233386263323262616261303263363864346533626461
38386230646130613035643138326337336436396533616665633334613237626539663431343132
30626362656364616534623533663434333466306638363961386138323639373861663534363235
34633263643535313363646264386335323764633664376238393162323939376535343937346138
39656239326538373336336334376335326432363465656466316164613832376435623733663339
32333163353739303362356338396536313534386265663839363637636165306338613438373737
65623837616236323865323138303566663036353065653232303631323638666230316164646539
37633439343939363663643364653266363665343763383763613530316332366365653363653664
66386431323331353034653631623239306466326237366335323462346438376638353339633733
38653531663634663134366361306231663962643333666237626234666634383537663461363637
62396133656132356236643831336133613137383032383434623865616636346130393430623534
36373333663434393265383063623262343336316138363164313734356264316535313865643163
39643433336365366163313761663532303833363335353339646639663036636133323139663334
66396265393838626466633038623236663464366566393231643730663937333538386236303730
32313932353835316636663032386232393735653538666531343430333562396666613533363466
61326337363831333066333661323064633862326536356262373831383834363434356465343466
62396532393337663064396363626236333661616531333036383866393631346234313562396363
64303832616165663930306539633434333933643565323739306539653730383635363763393138
38333036636165613937306531306235326461323931376464666435313031336139646238343264
30363161336236356261353130616164363265363036376333663238616431616536386562363064
30623163356666336463336165316435336230313066333833636365393732313636373066653833
39373239666663616438343839313064383165363132626139336531316365353434313636343630
38313638376438626133333037373662623163643234333935333639633163663234653864346533
65393636306237613637313331316234666335643866666135616536366439663563666235396465
33373163303337346632336635333166373236336464636638366364343236373930313831363161
39636363386563666432313463363732343932666631626538323739386561656636316533623364
34333332366231343464343830386261666561626463663862616239346231633663613433663634
64303132646632313935613038376132656565316633366435373636363237396262666631376437
39656565633737623132626234306666353133373864333334396139306139393365636333656565
61646234336163343537383166333133636466303431303532643738663330373261333837666233
34653835613134313335303462303166636439313166656566643638666336626331333566663038
35346661353236373336386533303937363639623433306162373538303463386462383337616532
33316137656365616561613862393539303932363334626563633635386533613265393432343434
61653965303061373838356664656236373466316433343736623732386337353164363537363061
30663735396439346164303661346565336236326163393961363361363938323665343166396163
35343262306365323532343530643165373163633830633635653239653135383838353831616432
36363230663263663263663363326361663438393564323734633164396136316463646535313265
63323132333833303364316432386365666438306162333337393134366562663062366366636639
62616531316466356535343236353236333237363335626266363662383835363737383634303537
65383030643566643132623135336336333064353035386163633232343039336237613362396531
37643262393939623962316635336337643063333832366436646561346336653033643631656335
61396638386236303461613565646233326639343036343833373962323062306534353935663239
63303136656631633831303966323630326161346636336262386439663261336662646335356434
63373562663764313833373565303838323266373565616463623765626464313265396263333762
64643166376135363461326139333966653364616230653138383564373130653236646433303164
36386664346536623833663261623564626564623637643163373132646562386162333935656636
63323038326365373464326464353232333635636465646662343336653138623261376364353338
31653638666334383935646263313038396139306630383962383633623939386434376133636237
34376236656364373563343362623166383463323131396234633632623939306537396666326230
39343263306535343963386439653433616335333064316531383538633336613233333933303534
39613637373438373038633161303430623262613839353032633236373864393065616262383936
32363834343532396561383337313733373133326161373061393731373165343138386365633932
65313437623861626432653437343931396364333239333639323138326264346364313735396239
34346562396665363062373736356430363234383039333565323464353134343134623739353162
39653535376435363837336430643239663134396230633635353765383539666662323431303732
32646435363364633734396662353064336363336139373933623335636131623139666636633264
35643963326531626666643763653862643132393963613136383966336533646563663264383435
34656536326661366539363836666234386536343834316132303936643431316133386563336633
38613832663666666464336231633234633038663031626263313235353433666664643436663431
64613234306639626230386138623566666138613262636431376261346536316464303964323064
63366139393132326261663237383938373836653437353762613735666130383731326431393662
6639383362366337656236646132666639633161306132353635
